# Analysis data at t =   5.419762230000E+03
# [01      radius]   [02       sigma]   [03       <h>/H]   [04          lx]   [05          ly]   [06          lz]   [07        tilt]   [08       twist]   [09         psi]   [10         ecc]   [11        ecc2]   [12      ninbin]
  3.7469921488E+01   3.0900913123E-07   2.9752122996E-01   9.3615473226E-01  -8.6326310875E-02   3.4082559370E-01   1.2230013960E+00  -9.1953670249E-02   0.0000000000E+00   2.3216350847E-01   2.6467886807E-01   2.0457000000E+04
  4.3093826494E+01   4.3562859252E-07   2.3810754491E-01   9.4010495781E-01  -9.3245273077E-02   3.2788410658E-01   1.2367333338E+00  -9.8862671056E-02   7.9208809365E-02   2.1195815590E-01   2.4236002793E-01   3.3168000000E+04
  4.8717731500E+01   4.7899159705E-07   2.1003581873E-01   9.3804578702E-01  -1.0413362050E-01   3.3049400984E-01   1.2339693777E+00  -1.1055856114E-01   1.1454844589E-01   1.9451293296E-01   2.2363611880E-01   4.1229000000E+04
  5.4341636505E+01   5.0087018904E-07   1.9280251026E-01   9.3333079684E-01  -1.1585751572E-01   3.3980974048E-01   1.2240817340E+00  -1.2350162611E-01   1.5331157652E-01   1.9134920196E-01   2.2289603224E-01   4.8089000000E+04
  5.9965541511E+01   5.0411888738E-07   1.7902940690E-01   9.2820682324E-01  -1.2754759299E-01   3.4951924812E-01   1.2137383867E+00  -1.3655767936E-01   1.4852965798E-01   1.9489709910E-01   2.2789761180E-01   5.3410000000E+04
  6.5589446517E+01   4.4835524211E-07   1.7305539534E-01   9.2376726452E-01  -1.3386427572E-01   3.5879575901E-01   1.2038188976E+00  -1.4390950527E-01   8.6001241572E-02   2.0038047717E-01   2.3476318522E-01   5.1957000000E+04
  7.1213351522E+01   3.8898462716E-07   1.7000712116E-01   9.2264543673E-01  -1.3083880415E-01   3.6277624704E-01   1.1995509533E+00  -1.4086906273E-01   5.4143193550E-02   2.0270697612E-01   2.3738623522E-01   4.8942000000E+04
  7.6837256528E+01   3.3677281229E-07   1.6842944540E-01   9.2313967371E-01  -1.2648079408E-01   3.6306439037E-01   1.1992417269E+00  -1.3616374062E-01   5.1160004165E-02   2.0487846953E-01   2.4039926114E-01   4.5719000000E+04
  8.2461161533E+01   3.1171810083E-07   1.6345140778E-01   9.2313663093E-01  -1.2348444143E-01   3.6410211942E-01   1.1981277598E+00  -1.3297677363E-01   1.0681841261E-01   2.0910368212E-01   2.4607463957E-01   4.5415000000E+04
  8.8085066539E+01   2.7790475394E-07   1.6085773962E-01   9.2526047007E-01  -1.1208130367E-01   3.6239597666E-01   1.1999589905E+00  -1.2054753194E-01   2.2404801899E-01   2.1068476542E-01   2.4891067090E-01   4.3250000000E+04
  9.3708971545E+01   2.4407909085E-07   1.5986701463E-01   9.2910609182E-01  -9.6415016991E-02   3.5702382924E-01   1.2057165345E+00  -1.0340170231E-01   2.3701569778E-01   2.1082611556E-01   2.5045780977E-01   4.0411000000E+04
  9.9332876550E+01   2.2614620040E-07   1.5699657470E-01   9.3252003787E-01  -8.7327894459E-02   3.5040008250E-01   1.2127980926E+00  -9.3374880047E-02   2.3649454644E-01   2.1312571054E-01   2.5449893720E-01   3.9689000000E+04
  1.0495678156E+02   2.0234813200E-07   1.5545302475E-01   9.3642091408E-01  -7.4950263619E-02   3.4278029357E-01   1.2209214222E+00  -7.9868811938E-02   2.7932650073E-01   2.1515354912E-01   2.5767743260E-01   3.7523000000E+04
  1.1058068656E+02   1.8056635234E-07   1.5508258280E-01   9.3954269995E-01  -6.1576400796E-02   3.3684990996E-01   1.2272270533E+00  -6.5445097774E-02   2.5216984833E-01   2.1761665284E-01   2.6132119728E-01   3.5278000000E+04
  1.1620459157E+02   1.6523266857E-07   1.5398282302E-01   9.4161754283E-01  -5.1966022915E-02   3.3264986922E-01   1.2316842477E+00  -5.5132109145E-02   2.3143541157E-01   2.2127137000E-01   2.6624779550E-01   3.3924000000E+04
  1.2182849657E+02   1.4915900152E-07   1.5347363275E-01   9.4331824953E-01  -4.0800219324E-02   3.2937216369E-01   1.2351577687E+00  -4.3224867058E-02   2.2357673606E-01   2.2544471397E-01   2.7126044120E-01   3.2106000000E+04
  1.2745240158E+02   1.3670650427E-07   1.5266023310E-01   9.4458519990E-01  -3.2436738889E-02   3.2665985078E-01   1.2380289385E+00  -3.4326176156E-02   1.9854330948E-01   2.3055896869E-01   2.7683384364E-01   3.0784000000E+04
  1.3307630658E+02   1.2130003698E-07   1.5351511797E-01   9.4523820996E-01  -2.3817457563E-02   3.2551106762E-01   1.2392441445E+00  -2.5191976615E-02   2.3717974661E-01   2.3680116365E-01   2.8304327425E-01   2.8520000000E+04
  1.3870021159E+02   9.6716750731E-08   1.6089991596E-01   9.4490930859E-01  -1.2397345518E-02   3.2709739278E-01   1.2375659635E+00  -1.3119390535E-02   2.1765836681E-01   2.4455903556E-01   2.9294322108E-01   2.3701000000E+04
  1.4432411660E+02   7.4519950348E-08   1.7159943458E-01   9.4329298001E-01  -7.4699713743E-03   3.3187731678E-01   1.2325033353E+00  -7.9188707945E-03   1.5148119639E-01   2.5553784787E-01   3.0706144839E-01   1.9002000000E+04
  1.4994802160E+02   6.1986549041E-08   1.7768841152E-01   9.4138894412E-01  -7.4874300644E-03   3.3723996543E-01   1.2268127567E+00  -7.9534311858E-03   8.7691105858E-02   2.6722321815E-01   3.1856570657E-01   1.6422000000E+04
  1.5557192661E+02   5.4310343213E-08   1.7907545989E-01   9.4118227951E-01  -9.5050265827E-03   3.3776555657E-01   1.2262544040E+00  -1.0098685100E-02   1.2572858214E-02   2.7839641395E-01   3.2761607548E-01   1.4928000000E+04
  1.6119583161E+02   4.9044755093E-08   1.8078801285E-01   9.4108555617E-01  -7.6456669943E-03   3.3808211981E-01   1.2259180545E+00  -8.1241272221E-03   4.4642043382E-02   2.8968385828E-01   3.3758199852E-01   1.3968000000E+04
  1.6681973662E+02   4.3370807558E-08   1.8130941629E-01   9.4040655690E-01  -7.4461619607E-03   3.3997067876E-01   1.2239106078E+00  -7.9178588232E-03   4.0050290567E-02   3.0092010396E-01   3.4652369481E-01   1.2783000000E+04
  1.7244364162E+02   3.8854676821E-08   1.8298921237E-01   9.4066691043E-01  -5.2672777751E-03   3.3929046465E-01   1.2246338098E+00  -5.5994557337E-03   3.0064228707E-02   3.1248651861E-01   3.5633525578E-01   1.1838000000E+04
  1.7806754663E+02   3.4042139469E-08   1.8498731735E-01   9.4035449550E-01  -5.4942674154E-03   3.4015178350E-01   1.2237180258E+00  -5.8426954113E-03   2.2148387950E-02   3.2439840476E-01   3.6642183953E-01   1.0710000000E+04
  1.8369145163E+02   2.9924842857E-08   1.8967322884E-01   9.4056756201E-01  -6.6399670040E-03   3.3954170898E-01   1.2243667094E+00  -7.0594149429E-03   1.4969227980E-02   3.3675726275E-01   3.7839695603E-01   9.7120000000E+03
  1.8931535664E+02   2.5875775782E-08   1.9283749050E-01   9.4021921279E-01  -6.3265794819E-03   3.4051109570E-01   1.2233359030E+00  -6.7287329541E-03   7.4962890173E-03   3.4903548627E-01   3.8880613525E-01   8.6550000000E+03
  1.9493926165E+02   2.2350680012E-08   1.9834127950E-01   9.4061166380E-01  -7.0634328920E-03   3.3941096896E-01   1.2245057037E+00  -7.5092627453E-03   5.6918507442E-02   3.6046903828E-01   4.0047109123E-01   7.6980000000E+03
  2.0056316665E+02   1.9601790894E-08   2.0287153424E-01   9.3949771923E-01  -3.8417319456E-03   3.4253361392E-01   1.2211839980E+00  -4.0891110800E-03   4.2471509803E-02   3.7221652088E-01   4.1199457687E-01   6.9460000000E+03
  2.0618707166E+02   1.7142855445E-08   2.0786860449E-01   9.4041478018E-01  -4.7629855796E-03   3.3999611054E-01   1.2238835651E+00  -5.0647277712E-03   2.8150496568E-02   3.8374616180E-01   4.2358705124E-01   6.2450000000E+03
  2.1181097666E+02   1.4945433192E-08   2.1138932440E-01   9.3985924810E-01  -4.9429518121E-03   3.4152622299E-01   1.2222560452E+00  -5.2591983846E-03   3.8130599393E-02   3.9565601489E-01   4.3395611877E-01   5.5930000000E+03
  2.1743488167E+02   1.3155827555E-08   2.1693428278E-01   9.4066461685E-01  -2.8687859576E-03   3.3932557916E-01   1.2245964808E+00  -3.0497342114E-03   3.1154544233E-02   4.0644862642E-01   4.4526617878E-01   5.0540000000E+03
  2.2305878667E+02   1.1674681699E-08   2.2109563366E-01   9.4037233558E-01  -4.3480733355E-03   3.4011904494E-01   1.2237528401E+00  -4.6237454943E-03   3.4976503897E-02   4.1721599058E-01   4.5544359042E-01   4.6010000000E+03
  2.2868269168E+02   1.0320836796E-08   2.2697195106E-01   9.4010957973E-01  -3.5520888390E-03   3.4085387011E-01   1.2229713186E+00  -3.7783594725E-03   5.1854594651E-02   4.2807925021E-01   4.6649750400E-01   4.1700000000E+03
  2.3430659669E+02   9.1261917323E-09   2.3254113388E-01   9.4027680324E-01  -1.8155873620E-03   3.4040598838E-01   1.2234476884E+00  -1.9309049200E-03   4.2477927797E-02   4.3928093931E-01   4.7776631981E-01   3.7780000000E+03
  2.3993050169E+02   7.8460113807E-09   2.3493809845E-01   9.3959773016E-01  -4.9524834460E-03   3.4224490994E-01   1.2214912743E+00  -5.2708062447E-03   3.3656057526E-02   4.5045756494E-01   4.8632668208E-01   3.3260000000E+03
  2.4555440670E+02   7.2191517671E-09   2.4326702574E-01   9.4064975097E-01  -2.9421072313E-03   3.3936615919E-01   1.2245533409E+00  -3.1277291408E-03   4.4081160875E-02   4.5965376794E-01   4.9797344289E-01   3.1320000000E+03
  2.5117831170E+02   6.1944785557E-09   2.4608151857E-01   9.3967604422E-01  -2.9439771010E-03   3.4205301478E-01   1.2216954951E+00  -3.1329600099E-03   4.9808170316E-02   4.7121086831E-01   5.0715829149E-01   2.7490000000E+03
  2.5680221671E+02   5.7458517162E-09   2.5285492622E-01   9.4086777556E-01  -8.0307405267E-04   3.3877305675E-01   1.2251837904E+00  -8.5354592697E-04   4.3561244931E-02   4.8033873542E-01   5.1725767026E-01   2.6070000000E+03
  2.6242612171E+02   4.7988271146E-09   2.5703652733E-01   9.4023577464E-01  -3.9034751163E-03   3.4050176352E-01   1.2233458283E+00  -4.1515679315E-03   4.9120389158E-02   4.9107232387E-01   5.2663954493E-01   2.2250000000E+03
  2.6805002672E+02   4.4975489581E-09   2.6105002675E-01   9.4016850950E-01  -1.2518364529E-03   3.4070750895E-01   1.2231269983E+00  -1.3315014282E-03   5.1603477327E-02   5.0107991929E-01   5.3592841912E-01   2.1300000000E+03
  2.7367393172E+02   3.9480682153E-09   2.6793440952E-01   9.4042109639E-01  -5.9915588483E-03   3.3995920739E-01   1.2239228057E+00  -6.3710584593E-03   5.2104389924E-02   5.1027395578E-01   5.4517879495E-01   1.9090000000E+03
  2.7929783673E+02   3.5038021301E-09   2.7258649941E-01   9.3972260016E-01  -2.9561670469E-03   3.4192498567E-01   1.2218317392E+00  -3.1457765250E-03   1.3059881173E-01   5.2063806118E-01   5.5491005452E-01   1.7290000000E+03
  2.8492174174E+02   3.2061961688E-09   2.7816857373E-01   9.4051947714E-01  -7.3765154017E-04   3.3973897185E-01   1.2241569792E+00  -7.8430208714E-04   2.2595029896E-02   5.3123849208E-01   5.6472601228E-01   1.6140000000E+03
  2.9054564674E+02   2.8343975996E-09   2.8176443936E-01   9.4002630423E-01  -3.0183112385E-03   3.4108860601E-01   1.2227216191E+00  -3.2108685175E-03   3.4976483460E-02   5.4040957497E-01   5.7289422078E-01   1.4550000000E+03
  2.9616955175E+02   2.4920074385E-09   2.8879609690E-01   9.4021876250E-01  -1.7663079372E-03   3.4056652624E-01   1.2232769488E+00  -1.8786115847E-03   1.0456228388E-01   5.5073870261E-01   5.8333578607E-01   1.3040000000E+03
  3.0179345675E+02   2.4024339762E-09   2.9312004193E-01   9.3884234639E-01  -1.0794052468E-03   3.4434558731E-01   1.2192546726E+00  -1.1497188802E-03   2.3999394224E-02   5.5978079455E-01   5.9189281415E-01   1.2810000000E+03
  3.0741736176E+02   2.0233986330E-09   2.9778604587E-01   9.4052248965E-01  -1.7096034628E-03   3.3972713126E-01   1.2241695686E+00  -1.8177147263E-03   2.8764616559E-01   5.6973176361E-01   6.0011930137E-01   1.0990000000E+03
  3.1304126676E+02   1.8279390648E-09   3.0352186361E-01   9.4165340788E-01  -7.5070049259E-03   3.3650037786E-01   1.2275982559E+00  -7.9719839939E-03   2.6156598557E-01   5.7815752767E-01   6.0879796176E-01   1.0110000000E+03
  3.1866517177E+02   1.7086480795E-09   3.0880611123E-01   9.3734796684E-01   5.8177298046E-05   3.4839458330E-01   1.2149384917E+00   6.2065849641E-05   7.2107134362E-02   5.8839195772E-01   6.1795633930E-01   9.6200000000E+02
  3.2428907678E+02   1.5009916695E-09   3.1378655706E-01   9.4167354339E-01  -4.9619615845E-03   3.3649118357E-01   1.2276080196E+00  -5.2692524881E-03   2.7877031656E-01   5.9655462376E-01   6.2573225952E-01   8.6000000000E+02
  3.2991298178E+02   1.3707540108E-09   3.1918941540E-01   9.4035656424E-01   4.1465525942E-03   3.4016516309E-01   1.2237037978E+00   4.4095249363E-03   3.5612319135E-01   6.0558609168E-01   6.3423303132E-01   7.9900000000E+02
  3.3553688679E+02   1.2634373108E-09   3.2165324711E-01   9.3753319984E-01  -6.1656429536E-03   3.4784117647E-01   1.2155288233E+00  -6.5763581168E-03   9.5240304049E-02   6.1502474575E-01   6.4147124460E-01   7.4900000000E+02
  3.4116079179E+02   1.0916387184E-09   3.2617084063E-01   9.4134845875E-01   2.8445108953E-03   3.3742404770E-01   1.2266172128E+00   3.0217314442E-03   2.8036122714E-01   6.2488191992E-01   6.5036216182E-01   6.5800000000E+02
  3.4678469680E+02   1.0510856188E-09   3.3327180558E-01   9.3671232779E-01  -1.5167828833E-02   3.4977128518E-01   1.2134693699E+00  -1.6191207181E-02   2.8166471163E-01   6.3341534928E-01   6.5896100922E-01   6.4400000000E+02
  3.5240860180E+02   9.3152313239E-10   3.4140245893E-01   9.4437643549E-01   3.6846404513E-03   3.2884581724E-01   1.2357151667E+00   3.9016451660E-03   1.4777820571E-01   6.4341643939E-01   6.6963057797E-01   5.8000000000E+02
  3.5803250681E+02   8.2836354625E-10   3.4236061801E-01   9.3743637189E-01  -1.0862104696E-02   3.4798715972E-01   1.2153731123E+00  -1.1586512907E-02   4.3890293006E-01   6.5106405810E-01   6.7484687949E-01   5.2400000000E+02
  3.6365641181E+02   7.9065061669E-10   3.4187002366E-01   9.4203804390E-01  -8.2159094872E-03   3.3540546013E-01   1.2287607386E+00  -8.7211989373E-03   7.7733199224E-01   6.6156122143E-01   6.8293595389E-01   5.0800000000E+02
  3.6928031682E+02   6.8818045210E-10   3.5424488750E-01   9.3949517442E-01   1.2416404602E-02   3.4233704173E-01   1.2213932194E+00   1.3215269346E-02   4.2959407891E-01   6.6817149565E-01   6.9153559480E-01   4.4900000000E+02
  3.7490422183E+02   6.5219214929E-10   3.5834875298E-01   9.3912025790E-01   1.5716113595E-03   3.4358502766E-01   1.2200646555E+00   1.6734916313E-03   7.3056718937E-01   6.7732862208E-01   6.9991727979E-01   4.3200000000E+02
  3.8052812683E+02   5.9049455114E-10   3.5903085330E-01   9.3900016573E-01  -9.4483361841E-03   3.4378687831E-01   1.2198497115E+00  -1.0061784522E-02   3.7818514148E-01   6.8768991476E-01   7.0824860803E-01   3.9700000000E+02
  3.8615203184E+02   5.2766261742E-10   3.6456472641E-01   9.3527308814E-01  -2.1904630089E-04   3.5392683231E-01   1.2090299468E+00  -2.3420570918E-04   3.8306710105E-01   6.9714037887E-01   7.1626251821E-01   3.6000000000E+02
  3.9177593684E+02   4.4207486162E-10   3.6390350972E-01   9.4099895882E-01   1.2181605931E-04   3.3840943346E-01   1.2255702399E+00   1.2945397813E-04   8.5830011956E-01   7.0539329436E-01   7.2238655946E-01   3.0600000000E+02
  3.9739984185E+02   4.6145512239E-10   3.7589337925E-01   9.4324578424E-01  -8.1357978541E-03   3.3199578206E-01   1.2323777496E+00  -8.6251073068E-03   6.2626476493E-01   7.1385055820E-01   7.3299290940E-01   3.2400000000E+02
  4.0302374685E+02   4.1428912249E-10   3.8194991557E-01   9.4007597885E-01   1.7698737248E-02   3.4050537249E-01   1.2233419899E+00   1.8824698182E-02   5.4357888387E-01   7.2204329854E-01   7.4012561187E-01   2.9500000000E+02
  4.0864765186E+02   3.5041578744E-10   3.8683433008E-01   9.3833653522E-01  -1.3067579048E-02   3.4547617146E-01   1.2180501749E+00  -1.3925424269E-02   8.5783214918E-01   7.3140763135E-01   7.4852536212E-01   2.5300000000E+02
  4.1427155687E+02   3.9620963495E-10   3.9324565382E-01   9.4088127284E-01  -5.8286886289E-03   3.3868636937E-01   1.2252759244E+00  -6.1948454456E-03   2.5799453596E-01   7.3945502283E-01   7.5628743184E-01   2.9000000000E+02
  4.1989546187E+02   2.8845943160E-10   4.0028752776E-01   9.4059118855E-01  -1.5211488909E-02   3.3920027511E-01   1.2247296850E+00  -1.6170854197E-02   5.0027832111E-01   7.4765721138E-01   7.6451460492E-01   2.1400000000E+02
  4.2551936688E+02   2.9927837559E-10   3.9937012826E-01   9.3651347904E-01  -1.5967783922E-03   3.5062794223E-01   1.2125547976E+00  -1.7050228113E-03   1.3314892936E+00   7.5791220248E-01   7.7219431658E-01   2.2500000000E+02
  4.3114327188E+02   2.5730404231E-10   4.0483885195E-01   9.4303914295E-01   1.9179148552E-02   3.3212849188E-01   1.2322370565E+00   2.0334792116E-02   3.2882144187E-01   7.6653794761E-01   7.8035572036E-01   1.9600000000E+02
  4.3676717689E+02   2.2936937104E-10   4.0733027472E-01   9.3514313721E-01  -9.2987238666E-03   3.5414805755E-01   1.2087934007E+00  -9.9433092556E-03   6.4104269253E-01   7.7442739884E-01   7.8651069842E-01   1.7700000000E+02
  4.4239108189E+02   2.1110072833E-10   4.2278110988E-01   9.3792035463E-01   1.3111241017E-02   3.4660280398E-01   1.2168493556E+00   1.3978145386E-02   2.6442079139E-01   7.8513123599E-01   7.9947272371E-01   1.6500000000E+02
  4.4801498690E+02   2.2108417510E-10   4.1859717623E-01   9.3738039070E-01  -7.0074953346E-03   3.4823684202E-01   1.2151067711E+00  -7.4754762004E-03   8.7573322777E-01   7.9128553746E-01   8.0291265668E-01   1.7500000000E+02
  4.5363889190E+02   1.6594092667E-10   4.2886995919E-01   9.4531416123E-01   1.1539971663E-02   3.2595699967E-01   1.2387724890E+00   1.2206945524E-02   1.3565291632E+00   8.0095285023E-01   8.1289126669E-01   1.3300000000E+02
  4.5926279691E+02   1.8362725963E-10   4.3220541303E-01   9.4854652150E-01  -4.5497919147E-03   3.1660511041E-01   1.2486479901E+00  -4.7965565412E-03   1.6691738736E+00   8.1142385034E-01   8.2309099684E-01   1.4900000000E+02
  4.6488670192E+02   1.6436100802E-10   4.4467650867E-01   9.3639219933E-01  -2.0000927059E-02   3.5038494822E-01   1.2128142513E+00  -2.1356314400E-02   2.0738724109E+00   8.1876293335E-01   8.3000324147E-01   1.3500000000E+02
  4.7051060692E+02   1.4074358022E-10   4.4666638665E-01   9.3156776639E-01  -1.0792106592E-02   3.6340752203E-01   1.1988734403E+00  -1.1584368007E-02   1.5693780285E+00   8.2824780072E-01   8.3832212021E-01   1.1700000000E+02
  4.7613451193E+02   1.3551499097E-10   4.5299210344E-01   9.3122433439E-01   1.4511734438E-02   3.6415745030E-01   1.1980683504E+00   1.5582238747E-02   9.3042271050E-01   8.3730025318E-01   8.4671145972E-01   1.1400000000E+02
  4.8175841693E+02   1.3275817799E-10   4.4575132229E-01   9.3906583706E-01  -4.5656335364E-03   3.4370700990E-01   1.2199347627E+00  -4.8618503438E-03   5.7514442875E-01   8.4747612078E-01   8.5463307517E-01   1.1300000000E+02
  4.8738232194E+02   1.2077463054E-10   4.5504278600E-01   9.3347293726E-01   2.4781019650E-03   3.5863928176E-01   1.2039865315E+00   2.6547059316E-03   5.8889223894E-01   8.5516066765E-01   8.6268005507E-01   1.0400000000E+02
  4.9300622694E+02   1.0217620141E-10   4.7399469483E-01   9.4270320913E-01  -1.2633840092E-02   3.3339322966E-01   1.2308958870E+00  -1.3400913118E-02   2.4002710122E+00   8.6540279249E-01   8.7362749313E-01   8.9000000000E+01
  4.9863013195E+02   9.4213193303E-11   4.6690545989E-01   9.5160438811E-01   7.6859735486E-03   3.0722957921E-01   1.2585158886E+00   8.0766824092E-03   2.1993926048E+00   8.7325740931E-01   8.7932087252E-01   8.3000000000E+01
  5.0425403696E+02   9.3162441082E-11   4.7581413940E-01   9.5789766864E-01  -1.8408983240E-02   2.8651904953E-01   1.2802047504E+00  -1.9215745041E-02   2.9368134841E+00   8.8181525850E-01   8.8723329082E-01   8.3000000000E+01
  5.0987794196E+02   6.2163284605E-11   4.7514837625E-01   9.3002691021E-01   2.4861406621E-02   3.6664950123E-01   1.1953911692E+00   2.6725557009E-02   3.9428766117E+00   8.9179466494E-01   8.9605283735E-01   5.6000000000E+01
  5.1550184697E+02   9.2227664575E-11   4.9826464938E-01   9.3218230006E-01   1.7229520021E-02   3.6157890300E-01   1.2008355069E+00   1.8480889878E-02   2.4712761012E+00   8.9956010049E-01   9.0504037017E-01   8.4000000000E+01
  5.2112575197E+02   7.0596467890E-11   5.0241071848E-01   9.2212535751E-01  -2.4806707007E-02   3.8609513378E-01   1.1744016091E+00  -2.6895177756E-02   1.5133494834E+00   9.0715317582E-01   9.1185558964E-01   6.5000000000E+01
  5.2674965698E+02   5.6948692718E-11   4.9885903385E-01   9.3202692300E-01  -1.5430208238E-02   3.6206038650E-01   1.2003190312E+00  -1.6554026879E-02   3.4301942347E+00   9.1469181166E-01   9.1843902510E-01   5.3000000000E+01
  5.3237356198E+02   6.5915471121E-11   5.2242375719E-01   9.4782973689E-01  -1.3149360374E-02   3.1850570512E-01   1.2466436497E+00  -1.3872235032E-02   1.7161093348E+00   9.2553161673E-01   9.2953075425E-01   6.2000000000E+01
  5.3799746699E+02   5.5758077306E-11   5.1907747600E-01   9.4173404585E-01   8.1224325097E-03   3.3626033513E-01   1.2278531524E+00   8.6247610403E-03   3.7891689861E+00   9.3490803931E-01   9.3811412046E-01   5.3000000000E+01
  5.4362137199E+02   3.7481600676E-11   5.2558841978E-01   9.3870027879E-01   6.2837700945E-02   3.3895900924E-01   1.2249861441E+00   6.6841453874E-02   3.5138042125E+00   9.4360607905E-01   9.4579590269E-01   3.6000000000E+01
  5.4924527700E+02   5.3585731485E-11   5.3429739486E-01   9.3602332590E-01  -6.3680398716E-02   3.4612879133E-01   1.2173546459E+00  -6.7928246150E-02   5.2079778138E+00   9.5313295510E-01   9.5500753844E-01   5.2000000000E+01
  5.5486918201E+02   3.4681706904E-11   5.5529410182E-01   9.2034683444E-01  -2.8976350023E-02   3.9002830085E-01   1.1701339993E+00  -3.1473766558E-02   4.9093452193E+00   9.6466363010E-01   9.6573367398E-01   3.4000000000E+01
  5.6049308701E+02   3.4333715770E-11   5.4452914715E-01   9.4028899353E-01   3.5454839999E-02   3.3852557211E-01   1.2254468165E+00   3.7688467827E-02   5.3910856837E+00   9.7273241736E-01   9.7371510573E-01   3.4000000000E+01
  5.6611699202E+02   2.9993504687E-11   5.5002545469E-01   9.5720534755E-01  -1.9676820432E-02   2.8873992687E-01   1.2778858811E+00  -2.0553635191E-02   2.1118347991E+00   9.8066083432E-01   9.8079760027E-01   3.0000000000E+01
  5.7174089702E+02   3.2668322340E-11   5.3518084620E-01   9.3469828169E-01  -2.5373925737E-03   3.5543309335E-01   1.2074189511E+00  -2.7146581848E-03   3.0398790511E+00   9.8871322390E-01   9.8893098612E-01   3.3000000000E+01
  5.7736480203E+02   1.6665209130E-11   5.3143133874E-01   9.3822395646E-01  -2.0002495151E-02   3.4545000755E-01   1.2180780553E+00  -2.1316302267E-02   5.9489439568E-01   9.9177556593E-01   9.9192930123E-01   1.7000000000E+01
  5.8298870703E+02   3.8833988717E-12   5.3317930294E-01   9.3256965182E-01   7.4500698114E-03   3.6091320419E-01   1.2015494156E+00   7.9885843535E-03   0.0000000000E+00   9.9671741630E-01   9.9669680813E-01   4.0000000000E+00
