# Analysis data at t =   1.831879687500E+04
# [01      radius]   [02       sigma]   [03       <h>/H]   [04          lx]   [05          ly]   [06          lz]   [07        tilt]   [08       twist]   [09         psi]   [10         ecc]   [11        ecc2]   [12      ninbin]
  3.8089913028E+01   4.5397447990E-07   2.1851494814E-01   6.0726886584E-01  -2.7046164994E-01   7.4704418912E-01   7.2719176369E-01  -4.1900013199E-01   0.0000000000E+00   9.9999999906E-01   9.9999999999E-01   1.4073800000E+05
  6.3997089234E+01   4.6996665476E-07   1.6115649717E-01  -6.3940462840E-01   7.2395679110E-02  -7.6545449690E-01   2.4425436607E+00   3.0288492151E+00   2.4653484608E+00   9.9999999864E-01   9.9999999998E-01   2.4479200000E+05
  8.9904265440E+01   2.8216731559E-07   1.4804146089E-01  -6.3032063596E-01   1.4764479114E-01  -7.6216593438E-01   2.4374485683E+00   2.9115033185E+00   6.7473552515E-01   9.9999999816E-01   9.9999999997E-01   2.0647000000E+05
  1.1581144165E+02   1.6015392554E-07   1.4662071280E-01  -5.5461214097E-01   4.4658496595E-01  -7.0211625909E-01   2.3491614996E+00   2.4636766850E+00   1.4999027052E+00   9.9999999764E-01   9.9999999996E-01   1.5095900000E+05
  1.4171861785E+02   7.7031853108E-08   1.6080414395E-01  -3.9752423519E-01   7.3832184783E-01  -5.4484431855E-01   2.1469997720E+00   2.0647023284E+00   3.0310688036E+00   9.9999999719E-01   9.9999999998E-01   8.8852000000E+04
  1.6762579406E+02   3.1624941928E-08   1.9181922203E-01   9.2435709463E-02   9.9566230230E-01   1.0593365938E-02   1.5602027627E+00   1.4782232653E+00   4.9901571961E+00   9.9999999670E-01   9.9999999999E-01   4.3146000000E+04
  1.9353297026E+02   1.2001948679E-08   2.3875555719E-01   5.7598144413E-01   5.1920465941E-01   6.3140470197E-01   8.8743298947E-01   7.3360239842E-01   5.2049411858E+00   9.9999999611E-01   9.9999999998E-01   1.8905000000E+04
  2.1944014647E+02   4.5833782715E-09   2.9796121811E-01   6.4227832338E-01  -3.8584898564E-02   7.6549968055E-01   6.9897877345E-01  -6.0002929637E-02   3.7607546336E+00   9.9999999553E-01   9.9999999998E-01   8.1860000000E+03
  2.4534732268E+02   1.6365556222E-09   3.7607225992E-01   5.8251684400E-01  -3.6360729776E-01   7.2695519770E-01   7.5691890735E-01  -5.5802417811E-01   3.3023412692E+00   9.9999999499E-01   9.9999999997E-01   3.2680000000E+03
  2.7125449888E+02   4.1671671721E-10   5.2745446236E-01   4.3784107179E-01  -6.8101289416E-01   5.8695539341E-01   9.4350317631E-01  -9.9940994382E-01   2.9720683029E-01   9.9999999470E-01   9.9999999997E-01   9.2000000000E+02
  2.9716167509E+02   1.7696240705E-10   7.0221822895E-01   5.6566391074E-01  -4.1576099858E-01   7.1215667669E-01   7.7823078579E-01  -6.3382952107E-01   1.0200198450E+01   9.9999999431E-01   1.0000000000E+00   4.2800000000E+02
  3.2306885129E+02   1.3919256681E-10   7.7467838842E-01  -6.4159697407E-01  -1.9730657645E-01  -7.4123102860E-01   2.4056987675E+00  -2.8432473260E+00   1.7454541879E+00   9.9999999377E-01   9.9999999999E-01   3.6600000000E+02
  3.4897602750E+02   1.1548040406E-10   7.7763419699E-01   4.5673080139E-01  -6.5093658912E-01   6.0636501549E-01   9.1931498251E-01  -9.5896266074E-01   1.0962945761E+01   9.9999999369E-01   1.0000000000E+00   3.2800000000E+02
  3.7488320371E+02   1.0291145326E-10   7.6824415308E-01   1.3315959540E-01   9.8930582176E-01   5.9519015270E-02   1.5112421142E+00   1.4370014214E+00   1.2544459475E+01   9.9999999279E-01   1.0000000000E+00   3.1400000000E+02
  4.0079037991E+02   1.0085760591E-10   7.5210972623E-01  -6.2521742922E-01  -3.2626459589E-01  -7.0898136764E-01   2.3588490823E+00  -2.6606246661E+00   9.3611592573E+00   9.9999999258E-01   9.9999999997E-01   3.2900000000E+02
  4.2669755612E+02   8.1488500407E-11   7.3770624342E-01   6.4519983116E-01   1.3853768252E-01   7.5134844672E-01   7.2069322480E-01   2.1150907103E-01   3.8796883551E+00   9.9999999206E-01   9.9999999997E-01   2.8300000000E+02
  4.5260473232E+02   8.3610663860E-11   7.3005522430E-01  -4.8050122330E-01  -7.2186811599E-01  -4.9802108141E-01   2.0921115474E+00  -2.1580848777E+00   5.8747133845E-01   9.9999999166E-01   9.9999999998E-01   3.0800000000E+02
  4.7851190853E+02   6.6759126155E-11   7.0791457765E-01   6.4098131659E-01   2.0465304770E-01   7.3977028992E-01   7.3806742637E-01   3.0905044217E-01   1.8128803495E+00   9.9999999086E-01   9.9999999999E-01   2.6000000000E+02
  5.0441908474E+02   6.7227601645E-11   7.0337656074E-01  -5.5574110210E-01  -5.7334705603E-01  -6.0201742565E-01   2.2168216096E+00  -2.3406026809E+00   2.9954983604E+00   9.9999999102E-01   9.9999999997E-01   2.7600000000E+02
  5.3032626094E+02   6.2090006670E-11   6.8752256631E-01   6.3627600676E-01  -1.0200032568E-01   7.6468867965E-01   7.0023825166E-01  -1.5895585333E-01   1.9905204608E+01   9.9999999026E-01   9.9999999999E-01   2.6800000000E+02
  5.5623343715E+02   5.5001217177E-11   6.8379991057E-01   3.4532751596E-01   8.8157182843E-01   3.2183849681E-01   1.2431256670E+00   1.1974499677E+00   2.1270003874E+01   9.9999998974E-01   9.9999999998E-01   2.4900000000E+02
  5.8214061335E+02   4.8332318522E-11   6.6652069620E-01  -6.4357430118E-01  -1.6979541381E-01  -7.4631202343E-01   2.4133001957E+00  -2.8836387157E+00   1.3463325666E+01   9.9999998908E-01   9.9999999995E-01   2.2900000000E+02
  6.0804778956E+02   4.7283344623E-11   6.5747001699E-01   6.2175204895E-01  -2.0009967632E-01   7.5722157204E-01   7.1174760272E-01  -3.1136384608E-01   1.0565682853E+00   9.9999998948E-01   9.9999999993E-01   2.3400000000E+02
  6.3395496577E+02   4.2250137951E-11   6.5631385426E-01  -6.4649585874E-01  -8.0656839451E-02  -7.5864193061E-01   2.4320224022E+00  -3.0174739492E+00   1.1610678372E+01   9.9999998768E-01   9.9999999997E-01   2.1800000000E+02
  6.5986214197E+02   4.3570514737E-11   6.5430201440E-01   1.9379381216E-01  -9.2669977784E-01   3.2198055859E-01   1.2429756182E+00  -1.3646446783E+00   1.7548014825E+01   9.9999998842E-01   9.9999999998E-01   2.3400000000E+02
  6.8576931818E+02   3.5295409203E-11   6.4543031165E-01  -2.9409597873E-02  -9.9749522269E-01   6.4330057165E-02   1.5064218167E+00  -1.6002712355E+00   2.2851200309E+01   9.9999998766E-01   9.9999999999E-01   1.9700000000E+02
  7.1167649438E+02   3.1938840985E-11   6.4380172890E-01   4.4242755105E-01   7.7725488894E-01   4.4736193366E-01   1.1069828638E+00   1.0533181547E+00   2.0575185253E+01   9.9999998693E-01   9.9999999997E-01   1.8500000000E+02
  7.3758367059E+02   3.0817008691E-11   6.2805435794E-01  -6.3742309118E-01   9.1760601328E-02  -7.6503058428E-01   2.4418851474E+00   2.9986193111E+00   2.7611952691E+00   9.9999998657E-01   9.9999999998E-01   1.8500000000E+02
  7.6349084680E+02   2.7518345643E-11   6.2845890907E-01   5.2511279872E-01   6.4179440955E-01   5.5888861545E-01   9.7775137337E-01   8.8505908622E-01   2.1971059758E+01   9.9999998615E-01   9.9999999998E-01   1.7100000000E+02
  7.8939802300E+02   2.6459579176E-11   6.1974765274E-01  -3.6143603681E-02  -9.9775549854E-01   5.6370249630E-02   1.5143961807E+00  -1.6070054045E+00   1.0316538488E+01   9.9999998654E-01   9.9999999997E-01   1.7000000000E+02
  8.1530519921E+02   2.3961111396E-11   6.3166264111E-01   6.4501108289E-01   7.7301530097E-03   7.6413411629E-01   7.0109840162E-01   1.1983953696E-02   9.2120923728E+00   9.9999998495E-01   9.9999999996E-01   1.5900000000E+02
  8.4121237541E+02   1.9717786555E-11   6.0713259509E-01  -3.9129891871E-01  -8.3782348930E-01  -3.8070586678E-01   1.9613558534E+00  -2.0077318113E+00   2.9034187547E+01   9.9999998461E-01   9.9999999998E-01   1.3500000000E+02
  8.6711955162E+02   2.1395774613E-11   6.1632004011E-01  -4.2159618379E-01  -8.0363378135E-01  -4.2003500245E-01   2.0042802164E+00  -2.0539393674E+00   2.9652682708E+01   9.9999998408E-01   9.9999999998E-01   1.5100000000E+02
  8.9302672783E+02   1.9949572365E-11   6.1798711330E-01   6.4588336965E-01   3.1819959494E-02   7.6277268107E-01   7.0320633582E-01   4.9225997766E-02   3.4152822786E+01   9.9999998496E-01   9.9999999993E-01   1.4500000000E+02
  9.1893390403E+02   1.5376008520E-11   6.0557065524E-01   2.7463687552E-01   9.3291550713E-01   2.3290178866E-01   1.3357358613E+00   1.2844982994E+00   3.0214863680E+00   9.9999998391E-01   9.9999999994E-01   1.1500000000E+02
  9.4484108024E+02   1.4954404326E-11   6.0134961208E-01   6.3170042204E-01  -1.3795601945E-01   7.6283858941E-01   7.0310440958E-01  -2.1501254884E-01   3.1962421876E+01   9.9999998270E-01   1.0000000000E+00   1.1500000000E+02
  9.7074825644E+02   1.4175599974E-11   6.0537724632E-01  -6.4128807921E-01  -2.0104796376E-01  -7.4049261693E-01   2.4045993800E+00  -2.8377911192E+00   1.2801096188E+01   9.9999998208E-01   9.9999999986E-01   1.1200000000E+02
  9.9665543265E+02   1.4300229144E-11   6.1162781249E-01   3.9590943489E-01  -7.4044203666E-01   5.4314023025E-01   9.9662375854E-01  -1.0797807601E+00   3.8435353322E+01   9.9999998224E-01   9.9999999995E-01   1.1600000000E+02
  1.0225626089E+03   1.1294525522E-11   6.0679764788E-01   6.3198881686E-01   2.8348896060E-01   7.2126565465E-01   7.6516850009E-01   4.2166111986E-01   1.8646279784E+01   9.9999998353E-01   9.9999999982E-01   9.4000000000E+01
  1.0484697851E+03   1.1835742283E-11   6.0312611928E-01   6.4481406479E-01   1.4721919237E-01   7.5002755366E-01   7.2269258961E-01   2.2446520173E-01   3.9746661743E+01   9.9999998259E-01   9.9999999985E-01   1.0100000000E+02
  1.0743769613E+03   8.3482648565E-12   6.1063794229E-01  -5.3682072433E-01  -6.1720981991E-01  -5.7521782668E-01   2.1836667416E+00  -2.2866474183E+00   2.2627599056E+00   9.9999998097E-01   9.9999999971E-01   7.3000000000E+01
  1.1002841375E+03   9.7150367201E-12   6.0284145162E-01   6.4606564038E-01   3.8791272325E-02   7.6229549750E-01   7.0394392770E-01   5.9970311494E-02   3.9736469606E+01   9.9999997924E-01   9.9999999987E-01   8.7000000000E+01
  1.1261913137E+03   7.6368790494E-12   6.0004092818E-01   1.6508803879E-01   9.8138092587E-01   9.8170350896E-02   1.4724676033E+00   1.4041365416E+00   4.2033201426E+01   9.9999997897E-01   9.9999999990E-01   7.0000000000E+01
  1.1520984899E+03   8.4249538317E-12   6.0764144807E-01  -5.5030138909E-01   4.5800528885E-01  -6.9814005511E-01   2.3435926926E+00   2.4474758571E+00   4.3350786835E+01   9.9999997933E-01   9.9999999983E-01   7.9000000000E+01
  1.1780056661E+03   7.5095716061E-12   6.0236041210E-01  -4.2039356030E-01  -8.0508162839E-01  -4.1846484451E-01   2.0025507212E+00  -2.0520262130E+00   4.4857522946E+01   9.9999997890E-01   9.9999999993E-01   7.2000000000E+01
  1.2039128423E+03   7.0418065368E-12   6.1204314313E-01   4.1130271584E-01  -7.1970636954E-01   5.5933247500E-01   9.7721601787E-01  -1.0516062913E+00   4.3971948134E+01   9.9999998033E-01   9.9999999967E-01   6.9000000000E+01
  1.2298200185E+03   5.9943174400E-12   6.0484126661E-01   6.3308710401E-01   2.7561534640E-01   7.2335115924E-01   7.6215289113E-01   4.1060559033E-01   4.3070825204E+01   9.9999998015E-01   9.9999999981E-01   6.0000000000E+01
  1.2557271947E+03   4.7943620396E-12   6.0447832339E-01  -6.4644657301E-01  -6.2171771979E-02  -7.6042192171E-01   2.4347588756E+00  -3.0457128947E+00   2.3341497046E+01   9.9999997893E-01   9.9999999964E-01   4.9000000000E+01
  1.2816343709E+03   6.2313085528E-12   6.0928622442E-01   2.2885540243E-01   9.5738543564E-01   1.7617699167E-01   1.3936949921E+00   1.3361572950E+00   4.4163777521E+01   9.9999997528E-01   9.9999999990E-01   6.5000000000E+01
  1.3075415471E+03   3.9466066075E-12   6.2292326355E-01   3.7699156177E-01  -7.6436826392E-01   5.2308557565E-01   1.0203290044E+00  -1.1125980983E+00   4.1357665195E+01   9.9999997744E-01   9.9999999889E-01   4.2000000000E+01
  1.3334487233E+03   3.5935056567E-12   6.2862913080E-01  -6.4645998244E-01  -6.3815855234E-02  -7.6027431084E-01   2.4345316127E+00  -3.0431955846E+00   3.5875238939E+01   9.9999997573E-01   9.9999999938E-01   3.9000000000E+01
  1.3593558995E+03   3.4346340097E-12   6.3216698372E-01   5.3568875735E-01   6.1966500403E-01   5.7363127357E-01   9.5986414314E-01   8.5795501440E-01   5.1671498153E+01   9.9999997666E-01   9.9999999941E-01   3.8000000000E+01
  1.3852630757E+03   4.1686520363E-12   6.3219613524E-01   6.0479737360E-01  -2.8099102055E-01   7.4516050838E-01   7.3002083436E-01  -4.3493167449E-01   1.9987296360E+01   9.9999997606E-01   9.9999999992E-01   4.7000000000E+01
  1.4111702519E+03   3.3955899535E-12   6.2927879984E-01   6.3696471003E-01  -9.5926594443E-02   7.6490133132E-01   6.9990818746E-01  -1.4947624641E-01   1.7609917973E+01   9.9999997640E-01   9.9999999949E-01   3.9000000000E+01
  1.4370774282E+03   2.9068913173E-12   6.2851474914E-01   3.3859233724E-01  -8.0816058051E-01   4.8190424907E-01   1.0679696650E+00  -1.1740470529E+00   3.8922712817E+01   9.9999997348E-01   9.9999999997E-01   3.4000000000E+01
  1.4629846044E+03   2.6034664395E-12   6.3256095671E-01   1.2036812909E-01   9.9174900624E-01   4.4106939534E-02   1.5266750736E+00   1.4500175134E+00   4.1863313327E+01   9.9999997536E-01   9.9999999933E-01   3.1000000000E+01
  1.4888917806E+03   2.3931223965E-12   6.4862761434E-01  -5.8160622953E-01  -5.0246049656E-01  -6.3974029354E-01   2.2649566455E+00  -2.4290733623E+00   3.3806153753E+01   9.9999997322E-01   9.9999999784E-01   2.9000000000E+01
  1.5147989568E+03   2.8388542290E-12   6.5673386035E-01  -5.6726289810E-01   4.1109987843E-01  -7.1358930373E-01   2.3654047054E+00   2.5144759795E+00   5.2387432120E+00   9.9999997757E-01   9.9999999992E-01   3.5000000000E+01
  1.5407061330E+03   1.6746711131E-12   6.3002637713E-01  -5.2188273842E-01  -6.4827790931E-01  -5.5441334729E-01   2.1584542204E+00  -2.2485964259E+00   5.9468838476E+01   9.9999997203E-01   9.9999999931E-01   2.1000000000E+01
  1.5666133092E+03   1.6469769787E-12   6.4114177811E-01   5.7147598700E-01  -3.9855023221E-01   7.1733737439E-01   7.7082319069E-01  -6.0898225489E-01   5.5584084335E+01   9.9999997208E-01   9.9999999986E-01   2.1000000000E+01
  1.5925204854E+03   1.3887290592E-12   6.4288661985E-01   8.3769557124E-02   9.9648512597E-01   2.3455294652E-04   1.5705617738E+00   1.4869284835E+00   2.6848480374E+00   9.9999997006E-01   9.9999999850E-01   1.8000000000E+01
  1.6184276616E+03   1.8979150155E-12   6.5696060792E-01   5.9567732710E-01  -3.1718429313E-01   7.3794488017E-01   7.4077630947E-01  -4.8929015439E-01   5.8457606506E+01   9.9999997081E-01   9.9999999796E-01   2.5000000000E+01
  1.6443348378E+03   2.0921740880E-12   6.4011322122E-01   3.6011808150E-01  -7.8436281745E-01   5.0506429093E-01   1.0413398731E+00  -1.1403826408E+00   5.0710597220E+01   9.9999997195E-01   9.9999999954E-01   2.8000000000E+01
  1.6702420140E+03   1.7654762659E-12   6.6443570718E-01   7.6639103001E-02   9.9702456010E-01  -8.2749283733E-03   1.5790713496E+00   1.4940793691E+00   4.2241111587E+01   9.9999996966E-01   9.9999999953E-01   2.4000000000E+01
  1.6961491902E+03   1.3763205592E-12   6.4994352760E-01  -4.8059696387E-01  -7.2171555641E-01  -4.9814979069E-01   2.0922599791E+00  -2.1582742847E+00   5.5259998348E+01   9.9999997196E-01   9.9999999966E-01   1.9000000000E+01
  1.7220563664E+03   1.2842666004E-12   7.0635698352E-01   5.4857689343E-01  -4.6248714450E-01   6.9654076202E-01   8.0023130589E-01  -7.0045537812E-01   6.0084503327E+01   9.9999997014E-01   9.9999999841E-01   1.8000000000E+01
  1.7479635426E+03   1.2652320381E-12   6.5992944545E-01   6.3913286945E-01  -7.5199796984E-02   7.6541110896E-01   6.9911641620E-01  -1.1712061946E-01   6.6150266131E+01   9.9999997065E-01   9.9999999878E-01   1.8000000000E+01
  1.7738707188E+03   9.0043306226E-13   6.6719057161E-01  -6.3810858910E-01   8.5327356367E-02  -7.6520367927E-01   2.4421539739E+00   3.0086620349E+00   3.5515511334E+00   9.9999996771E-01   9.9999999706E-01   1.3000000000E+01
  1.7997778950E+03   1.2288068887E-12   6.6950687104E-01   6.2560806703E-01  -1.7788925697E-01   7.5958538606E-01   7.0812091715E-01  -2.7703433951E-01   8.9229338123E+00   9.9999996503E-01   9.9999999952E-01   1.8000000000E+01
  1.8256850712E+03   9.4217639006E-13   6.9536330596E-01  -6.4351164070E-01  -1.7079226108E-01  -7.4613857416E-01   2.4130396414E+00  -2.8821670057E+00   5.0562866256E+00   9.9999997331E-01   9.9999999590E-01   1.4000000000E+01
  1.8515922474E+03   5.9721017911E-13   6.8445731552E-01   6.4250303355E-01  -3.5507105275E-02   7.6546005602E-01   6.9904035387E-01  -5.5207559119E-02   6.5296735450E+01   9.9999996862E-01   9.9999998742E-01   9.0000000000E+00
  1.8774994237E+03   2.6176418457E-13   6.8983419209E-01   3.8461104707E-01   8.4476472304E-01   3.7208454036E-01   1.1895425235E+00   1.1435537989E+00   7.2296424143E+01   9.9999996849E-01   9.9999999711E-01   4.0000000000E+00
  1.9034065999E+03   1.9365099358E-13   7.2325242260E-01  -6.4626484377E-01  -1.0256916866E-01  -7.5618867840E-01   2.4282651134E+00  -2.9841947268E+00   0.0000000000E+00   9.9999997175E-01   9.9999999981E-01   3.0000000000E+00
  1.9552209523E+03   6.2839714495E-14   1.0894124428E+00   4.9177902720E-01  -5.8851447635E-01   6.4171964247E-01   8.7405794414E-01  -8.7470549620E-01   0.0000000000E+00   9.9999994991E-01   9.9999994991E-01   1.0000000000E+00
  2.1624783619E+03   5.6816996914E-14   9.8244995399E-01   5.5222811704E-01  -4.5293986022E-01   6.9992113111E-01   7.9550926274E-01  -6.8693978002E-01   0.0000000000E+00   9.9999995225E-01   9.9999995225E-01   1.0000000000E+00
  2.2661070667E+03   5.4218764955E-14   1.0888560513E+00   5.5050811611E-01  -4.5746475480E-01   6.9833144867E-01   7.9773260218E-01  -6.9335159815E-01   0.0000000000E+00   9.9999995834E-01   9.9999995834E-01   1.0000000000E+00
  2.5510860050E+03   4.8162047918E-14   1.1382191828E+00   5.1094980091E-01  -5.5000578252E-01   6.6062390219E-01   8.4914679446E-01  -8.2219362834E-01   0.0000000000E+00   9.9999994062E-01   9.9999994062E-01   1.0000000000E+00
  2.5769931812E+03   4.7677862445E-14   1.1019516018E+00   5.4850205349E-01  -4.6268055844E-01   6.9647124719E-01   8.0032818379E-01  -7.0072867501E-01   0.0000000000E+00   9.9999994421E-01   9.9999994421E-01   1.0000000000E+00
